-1.000429298132859968e+00 -1.621817589844175345e+00
3.716013310605391085e-01 -1.903510596593728454e+00
1.024956010411526952e+00 -1.697246075008506994e+00
6.927461814533517614e-01 -1.727886729125766241e+00
1.150261393563879242e+00 -1.567236867799478572e+00
1.862719599705704887e+00 6.955649389776451530e-01
-1.871457370692497291e+00 -3.435340048269855395e-01
-5.947901510612300102e-01 -1.834581026431422179e+00
-5.313550317010720114e-01 -1.796141189301248220e+00
-9.216987716541520381e-01 1.732048360447850488e+00
-7.250734173775390534e-01 1.805223292445323757e+00
1.971802476847347441e+00 -1.940161836992054523e-01
-1.865963476586039116e+00 -5.275911060281007758e-01
-9.099269774255624998e-01 1.614166860750423371e+00
-1.389244450257579810e+00 1.422511512464555317e+00
-1.773702690742626098e+00 -6.995278888959092223e-01
-7.978652313406234819e-01 -1.658894011305712901e+00
-1.319160691206940683e+00 1.469149216365273736e+00
1.827699485459624018e+00 -3.523640620008725577e-01
4.069451252025113597e-01 -1.893241364373825064e+00
4.976300271139730280e-01 -1.868828539739667782e+00
-5.891769708386641602e-01 -1.844534951478381313e+00
9.605519729094244008e-01 1.626138279335853420e+00
1.863282026533458202e+00 -3.996159786301036430e-03
1.959244020912152218e+00 3.917048683418238864e-01
1.022460316740517738e+00 1.515036108925983394e+00
-1.754679966489498089e+00 -7.958658088867039959e-01
-6.153912708150993671e-01 1.850885838653608673e+00
2.943895506557235309e-01 1.921209075967850621e+00
-1.767182946723103054e+00 7.805632072630461771e-01
-1.113485566903864354e+00 1.577151063931325536e+00
6.994395930907172376e-01 1.804845337472151368e+00
-1.608029987868563992e+00 -1.047341027532829205e+00
1.751167171701963232e+00 -6.664079318772762051e-01
8.123295867780264135e-02 1.857623053952556891e+00
1.499537340555253451e+00 -1.101657034260730139e+00
1.784188319012386836e+00 -2.698294288609198177e-01
1.753554291294895151e+00 -6.050560215909691619e-01
1.789092926410099649e+00 4.507966680278843730e-01
-4.660142464080331282e-01 -1.842888207129353750e+00
-5.707606116841951183e-01 1.799201981993358901e+00
1.814423066746400970e+00 5.378692892003856807e-01
1.285996716172036480e+00 1.376372996735798271e+00
-1.679679754230993360e+00 6.731905118746479566e-01
5.848631967214865668e-01 -1.747954352051745097e+00
1.127574436286814752e+00 1.596811986819288931e+00
1.875469821539274440e+00 5.159707822853291936e-02
-6.263982606940751707e-02 -1.971993081561678185e+00
4.761200941895409322e-01 1.846562363087655090e+00
1.209610275963273196e+00 -1.529731684244142631e+00
4.069529129897966890e-01 1.926094574794418479e+00
1.672391766418150683e+00 7.920504646781000302e-01
1.417617195441231992e+00 -1.341404105677038272e+00
1.579814710993936444e+00 -1.053924303065635337e+00
-1.647885281206586727e+00 9.879809531810792578e-01
1.139034514358538530e+00 -1.592173608907641036e+00
-6.056624501263199178e-01 1.859465587787669349e+00
-4.004065927450028428e-01 -1.798765633521409280e+00
-1.087264157343150961e+00 -1.611617233007036631e+00
-1.449925075535954733e+00 -1.364077214638260038e+00
-2.298039654112118135e-01 1.953138805094149388e+00
1.801460577991341294e+00 5.674824479617740502e-01
-1.334325192225219281e+00 -1.304812428939077673e+00
1.420418221086897637e+00 1.406630858695118613e+00
-1.476706486559381082e+00 1.252054534362479821e+00
-1.682118673980940171e+00 7.597993457997157529e-01
-7.904520185751644501e-01 1.719324677879571439e+00
1.564147047485286546e+00 1.106120390680703558e+00
6.347322301157169999e-01 1.815111645016096675e+00
-2.037575422195244679e-01 1.978015056315158393e+00
2.967447817851519565e-01 1.881827441666850342e+00
1.740205638872352800e+00 6.509951088738700209e-01
1.484033803413729258e+00 1.119364971057406066e+00
1.617091963480796757e+00 8.886281740589366818e-01
1.918299164130354617e+00 1.783005795917587677e-01
-1.286434738223303453e+00 -1.522527822123181718e+00
-8.849865501968531278e-01 1.631966381987462356e+00
8.034707749989067338e-01 -1.731664712727748023e+00
7.561285075859580651e-01 1.800424522319180820e+00
-1.849426330786898776e+00 -7.136135016506822693e-01
4.024019697665959239e-01 1.802467683494039630e+00
-9.718287082914515984e-02 -1.941058799300302340e+00
6.623462112239940636e-01 -1.883076497920947334e+00
1.862223289694925121e+00 7.158545756376126501e-02
-1.359922913660939425e+00 1.441218216417467168e+00
1.522631696196887097e+00 -1.030415700263290990e+00
1.500534943969520585e+00 1.204581748514850670e+00
-1.920890476370456179e+00 2.697574237501096928e-01
1.947592732862287512e+00 2.074805362145445975e-01
1.057951419749362687e+00 -1.606788886053068133e+00
7.912078520584053809e-01 -1.804848049765457541e+00
1.903916793120317585e+00 -4.449743255632965244e-01
-3.060420028186864802e-02 1.877773965327002692e+00
1.246870606553652561e+00 -1.364565787753352355e+00
5.499432578234757230e-02 1.907815334719235034e+00
-8.650542296091120464e-01 1.672199125521631524e+00
-8.387048698929858159e-02 -1.880057379983391730e+00
5.082210467075228832e-01 1.765544146027328676e+00
-3.065115567638594749e-03 -1.913627242663577643e+00
1.302492492516958977e+00 1.305624220200990004e+00
-1.767233148598432280e+00 5.403430855903449403e-01
-1.847633078462724843e+00 -1.296768637252486145e-01
-1.850899864155472585e+00 2.009790239741262308e-01
-1.327848722925305314e+00 1.480338503396743777e+00
-1.433281243799574556e+00 -1.170669223354553035e+00
8.936818126014430819e-01 -1.608199762215435147e+00
1.916126103445376483e+00 -3.299811237173483347e-01
-1.290211898243808886e+00 1.269132468370250066e+00
8.422667950292692662e-01 1.635412734593556738e+00
1.622556943293616660e+00 -1.158125694790498761e+00
-1.847465776661173509e+00 1.791047032415533577e-02
1.151854548479875007e+00 1.560787932848190618e+00
-1.289434476545844310e-01 -1.838838493962081211e+00
1.771607293980015596e+00 8.925433634436327202e-01
1.539833953285523638e+00 -1.018410985204864838e+00
-1.348507017686501053e+00 -1.246356187508217861e+00
-1.603022651879958627e+00 -8.750535562146669610e-01
1.679205652100769441e+00 6.746032432408296531e-01
-2.058515258258444836e-01 -1.814471763888699130e+00
-1.042166872681747680e+00 1.507757396246956816e+00
1.863555340951957628e+00 -6.872169315888611019e-01
1.924085639150488802e+00 5.007170285057825909e-01
1.294869490430696768e-01 1.899797228904066992e+00
1.832167613618069568e+00 3.535163890711022217e-01
-4.544419259341438422e-01 1.931518210036730743e+00
6.139025864535702093e-01 -1.753247768771917459e+00
-1.791550930319649515e+00 -6.500790190727844253e-01
1.825783416877686083e+00 3.091728410848400554e-01
1.273513363822663669e+00 1.315564203453703174e+00
1.558219814000894043e+00 1.148182315818971455e+00
1.666630554417859011e+00 1.008383325668439356e+00
-1.456484066909000452e+00 -1.250971519354151296e+00
9.279079537010790357e-01 -1.696124658703648702e+00
1.660170463976045063e+00 -7.508538585370616580e-01
1.929414745883766491e+00 -1.589987226110567142e-01
1.045658138268003690e+00 -1.698442122541407251e+00
-1.855491446616365891e+00 4.303004276320922528e-01
1.500208802015131848e+00 1.113725417649132021e+00
3.430863365920608365e-02 -1.896649735466560793e+00
1.510673858938728076e+00 -1.005752221562969728e+00
6.695821721199450571e-02 1.891401676128217302e+00
3.688583301394541825e-01 -1.872312269542559804e+00
-1.288785656459310980e+00 1.528413454818434714e+00
-6.989814059229749743e-01 -1.825367443849822635e+00
-1.827123158882377085e+00 -3.423228223205808107e-01
1.452270268692240629e+00 -1.267944681206879753e+00
9.550537879181818512e-01 -1.725777923484478782e+00
-3.316251963089059812e-02 1.804601111185500706e+00
-1.554630926216721942e+00 1.158511471001648641e+00
-2.942703217426967388e-01 1.888761716114559785e+00
-1.925441925785430275e+00 3.016403058203428328e-02
4.484936146912587018e-01 1.841358617082966775e+00
9.520526784835736667e-01 -1.548557447986866231e+00
1.297642052180759120e-01 1.922489287834471927e+00
9.495713511671384222e-01 1.590247753148349208e+00
1.757927678258774939e+00 4.008559698977086083e-01
1.227221529418651258e+00 1.439760490549756966e+00
-1.813441084528921943e+00 2.247858470324884672e-01
-1.813184427864894310e+00 2.765737852519995488e-01
-1.004896871914131351e+00 -1.652564332301859951e+00
-1.861176016727420501e-01 -1.983580933243404232e+00
1.112148386411573320e+00 -1.594380047329964523e+00
1.471887126018383896e+00 -1.254980317730578721e+00
6.693564957940180415e-02 -1.856123374047729424e+00
-1.771408051698613484e+00 7.293058606918978448e-01
1.832006526555580717e-01 -1.865473106168163309e+00
-7.027924790102538788e-01 -1.673336422024320758e+00
-8.351154928155759549e-01 -1.786158219664970570e+00
-1.133069057405829305e+00 1.613606021895589437e+00
-1.858674721623045700e+00 -4.215159455636259822e-01
1.881548580803137138e+00 1.172671843956418075e-01
4.314957751291137455e-01 -1.943357909482867019e+00
1.528399955987707504e+00 1.148256741486940902e+00
9.709408871666327379e-01 -1.620337539752503275e+00
-1.808096606578405430e+00 7.309924342312881240e-01
1.674748372533682472e+00 -1.092216256366745020e+00
3.755309070429839191e-01 1.795434619290950717e+00
2.121753217487756249e-01 1.859142384157086658e+00
-1.032873702065321586e+00 1.613778466677964207e+00
-1.428583469892694913e+00 -1.208119214942511510e+00
1.035976911829906699e+00 -1.669919100904820652e+00
-1.662896600898982280e+00 6.914211986843218360e-01
-5.772680616805224707e-01 -1.853890548852630271e+00
1.946644828177829467e+00 2.096653969251452421e-01
-3.105426608634289098e-01 1.891253968578720634e+00
-1.894711829113160384e-01 1.790098160937330984e+00
-1.626398987519442008e+00 -1.080764367892258271e+00
1.118387022808392750e+00 1.533975619140996782e+00
-1.030568604473642180e+00 1.656440893294571337e+00
1.171988680633791358e+00 1.545607881118413740e+00
-1.413319854568043210e+00 -1.151866004281979494e+00
2.484430254297980978e-01 1.918006064443779968e+00
1.880452116792912687e+00 6.478151441779182729e-02
1.058253975827769144e+00 1.671391642885483364e+00
1.948499444176205797e+00 3.702389107612993890e-01
1.758163822030755830e+00 7.150497740151068315e-01
-1.806555274238216269e+00 -7.526714718776627011e-01
-8.649723783061549764e-02 1.910463342164556044e+00
-1.666097739861242655e+00 -1.039678037939189892e+00
-1.813684528402451646e+00 5.703492291239882217e-01
-8.331533332513054724e-01 -1.079840381229845603e+00
-9.665226956846441064e-01 -1.586865539406329351e+00
-4.330817865050908266e-01 -3.603168729350760824e-01
-8.637420388938718552e-02 2.097491998378508138e-01
-1.078931519324826671e-01 -1.776086031551878941e-01
-1.256067452770973425e+00 -1.821223268331510381e+00
1.222991203627082024e+00 2.327143415918969449e+00
-5.969606141059915494e-01 -6.549365465735258462e-01
-1.080255208751432633e-01 -1.527246096572492107e-01
-1.654019684342035390e+00 -2.474444547336885680e+00
1.497699921799294787e-01 3.781192122408724154e-01
-7.302209837103383894e-01 -1.171925951340675232e+00
-2.503540459676303342e-01 -6.847508846319164122e-02
-1.182867581304521298e+00 -1.772237520241781050e+00
-1.135685165821213038e-01 -1.933102756312136405e-01
-2.520429051480302940e-01 -3.158236184166438032e-01
-5.086435485812688118e-01 -6.300162670983133761e-01
9.619184386572053880e-01 1.756829440004509246e+00
1.400349826482475191e+00 2.648421724909872044e+00
-1.211702802558126457e+00 -2.027401344262716787e+00
-1.261974672046464852e+00 -2.053940498816090976e+00
1.272743002801480561e+00 2.300073430050623369e+00
1.648764418908383655e+00 3.071053940343463573e+00
7.179513164393734881e-01 1.487019296914282362e+00
1.659657609213516016e+00 3.147151928708067814e+00
2.189855296763027592e+00 3.852894584242355869e+00
1.717514028238042112e+00 3.239799369722544675e+00
-4.421971482635694284e-01 -7.124643786261520839e-01
8.744939865587959549e-01 1.659397115561237479e+00
1.721349911175346525e+00 3.096909210395070389e+00
1.945786288106014172e+00 3.599725478442092452e+00
2.324679513340068393e+00 4.418152719985736887e+00
1.472401955138337382e+00 2.777820050996018697e+00
1.158060123033149091e+00 2.012672613648256004e+00
5.868038561946683496e-01 1.171874845017334410e+00
-1.128389634015785736e+00 -1.803520960670266238e+00
-1.087597430083239614e+00 -1.485671136975498019e+00
1.655045029172673710e-01 3.515753885253820044e-01
3.652732287613893458e-01 1.008695295031950767e+00
-7.133657811263993676e-01 -1.113755876959715341e+00
-1.404564651634081951e+00 -2.351843858129717191e+00
-1.111212549392561089e+00 -1.818769496231424920e+00
1.083794538975985988e+00 1.942038916139854354e+00
-1.133000862365336259e+00 -1.856356580407558132e+00
-1.229804692600614535e+00 -1.734989954527196732e+00
-1.219108980356842231e+00 -1.960358125847285748e+00
-1.561513147192091111e+00 -2.430725245736786722e+00
2.267049254416342308e+00 4.254073665318214736e+00
3.813449482449242089e-01 9.525315665878916205e-01
1.204547641788567214e+00 2.405647003205563905e+00
2.606859243619230604e-01 7.017177356598162108e-01
2.113052699067170526e+00 3.999636033398616064e+00
1.898627274093231065e+00 3.491065734656154440e+00
1.125673506263970003e+00 2.084933129456770118e+00
-1.395616387469526654e+00 -2.116886735727099733e+00
9.893744976476910313e-01 1.880721574651869066e+00
-1.080920502811899553e+00 -1.641748427471023009e+00
5.199405062398543276e-01 1.000079339205654172e+00
1.167755156621274271e+00 2.259745481485679885e+00
-1.236789868706036133e+00 -2.093750731859992165e+00
2.449031580045384349e+00 4.278483170623753828e+00
2.961518869847029611e-01 7.096419271562994791e-01
2.015598031445284377e+00 3.863899848323428809e+00
-1.046320848770685430e+00 -1.457069613060268498e+00
1.310338111936179883e+00 2.273062060060009326e+00
1.353219629363265453e+00 2.561193996542858731e+00
2.009091993614261717e+00 3.635478839267502593e+00
1.550339083055262801e+00 2.960068016296471871e+00
-6.887828874101152854e-01 -9.001706833715411582e-01
-7.266354535401983172e-01 -1.215925934943039133e+00
2.238957198349711852e+00 3.929389708549287707e+00
-1.082721632889080743e+00 -1.489153731703586336e+00
2.170969598413353019e+00 4.081637922426316401e+00
-1.462874675565094096e+00 -2.208844621548388787e+00
2.271724627141710418e+00 4.252131092878403074e+00
-7.297899898086133152e-01 -1.196898338746064994e+00
1.326959756348648822e+00 2.324341984458845989e+00
-3.323130028749659015e-01 -3.283856704286081118e-01
4.068410148049646513e-01 7.274390285125036382e-01
1.951647353332573998e+00 3.513605282445238398e+00
-1.174745181646535297e+00 -1.707313137265919822e+00
-5.294850332024648720e-01 -6.828432432151101406e-01
1.757656019331700070e-01 6.596558827529785951e-01
6.684981864137539143e-01 1.212864757395437199e+00
-1.454790078177253143e+00 -2.343883271767301935e+00
1.982483853784737349e+00 3.519458450173808206e+00
-1.044967950380304655e+00 -1.507884803209547986e+00
1.919209413191181879e+00 3.565496993240218515e+00
-4.735222705942612742e-01 -5.793706484128043899e-01
2.135288272562380740e+00 3.869588873306931909e+00
4.144925321754567848e-01 1.073686693895632427e+00
1.421092821756691826e+00 2.758912936831514173e+00
1.123636819914521690e+00 1.954106631144953532e+00
-1.025840912007350614e+00 -1.583867573532093731e+00
-6.261652490689477712e-01 -8.693579594433522573e-01
7.132169524955510320e-02 3.457509607313612454e-01
3.875368712495338430e-01 1.006327203109888657e+00
3.514590563594549577e-01 7.672113685663392024e-01
-7.192674114842787514e-01 -8.964939504019919791e-01
1.693587367293378110e+00 3.041109800081367442e+00
9.094550072056198919e-01 1.950433083244032861e+00
-1.513808220927316484e+00 -2.392166107482757820e+00
8.419036797614065648e-01 1.473936114355124394e+00
-5.265411088926353900e-01 -7.059506975756825176e-01
1.566081594307662028e+00 2.976116365768782579e+00
-1.436824951258266703e+00 -2.346575327812255196e+00
1.859356276421955112e+00 3.437512292493182464e+00
9.325772988991555268e-01 1.680872202161419082e+00
-1.240193343988385433e+00 -1.813814131678328057e+00
-1.063651264972166333e+00 -1.823978247936179464e+00
1.230699484332475446e+00 2.365370227878876630e+00
8.880100079663013624e-01 1.605297259730388948e+00
-6.684367857648735312e-01 -9.486821429747108736e-01
1.225270394262917145e-01 3.014626976060619801e-01
6.145601782962101245e-01 1.237207405622717582e+00
-7.731034000174967780e-01 -1.239619536242388076e+00
-7.132288985599882780e-01 -1.177074548121956221e+00
6.151300848227216900e-01 1.441396998056815315e+00
-1.151007469406963857e+00 -1.826267140952132273e+00
1.357397334157856683e+00 2.471838389313314455e+00
-2.120079142086565005e-01 -2.460538409839973517e-01
-1.315680659551988985e+00 -2.055093317201117653e+00
1.574832656359931971e+00 2.841966057606028162e+00
1.280407044918760340e+00 2.439315837749513882e+00
-1.296851359128022851e+00 -2.013099536483459850e+00
-1.900712503140418452e-02 2.926487574978761108e-01
-1.220321480357203364e-01 -7.399663629924085884e-02
-1.601284132838923568e+00 -2.435331870523942399e+00
-1.216825934670836773e+00 -2.022159228448908053e+00
1.893078368778571552e-01 4.314198709417415012e-01
7.824268146044190131e-02 4.444271392477739946e-01
8.746184278360268349e-01 1.912084917944911311e+00
-6.607582793371953311e-01 -8.000218760530335427e-01
-1.294923650238737567e+00 -2.230154819719889492e+00
-5.034585224938150638e-01 -8.433606537886381149e-01
2.220104193381856383e+00 4.187572777968393112e+00
2.200984557260113328e-01 4.379730079429125511e-01
-1.416563347870973599e+00 -2.397965563202639316e+00
-3.212012503915560591e-01 -4.557866803683524592e-01
1.363123110340966226e+00 2.489449904216921805e+00
-2.743015077313225025e-01 -3.071399229875482195e-01
-5.021811205207182827e-01 -8.165021652560229271e-01
-5.835429961220006678e-01 -9.959468672116517096e-01
-1.370318641643665791e-01 1.014602640406461614e-01
1.006371416082725734e+00 1.870955249286248900e+00
9.938349384362566985e-01 1.775874779276966464e+00
-4.943694153791232115e-01 -6.994303047479132340e-01
1.666724034378137542e+00 2.959160118863464195e+00
8.855866324381187482e-01 1.810009832001381547e+00
2.059432352700866442e+00 3.773523889607382831e+00
-1.524700459893701954e+00 -2.526289545404258430e+00
1.874611286656760134e+00 3.253692798035062062e+00
7.907590917457842927e-01 1.672426428463981818e+00
1.563792165927677669e+00 2.776733942721719028e+00
1.277057967521230353e+00 2.475669487568155969e+00
-2.311095324553038288e-01 -1.961981678899631376e-01
6.948389636945975223e-01 1.507874950187371832e+00
2.203220656198193517e+00 3.839476608220092846e+00
-1.576274440788870024e+00 -2.398929837140626464e+00
1.626793093514643518e+00 3.091353762293195029e+00
1.351432941676944166e+00 2.381744303343360958e+00
-5.686644742160440469e-01 -9.472769865510540788e-01
1.424453232760505950e+00 2.805020419769836071e+00
4.549920343228942565e-01 8.912040598787961398e-01
2.397102927441503883e+00 4.189747682131739204e+00
-1.002428593277293611e+00 -1.595107507545280745e+00
-6.527655902812308231e-01 -1.128378259307601938e+00
3.035499254814153502e-01 8.708594639795909087e-01
1.850389948233750914e+00 3.528520507007036677e+00
1.835600333295738906e+00 3.542403079760798157e+00
1.784064406209036502e+00 3.164766373854992487e+00
2.276733504509162564e+00 4.119717757368235311e+00
2.224530403526373323e+00 3.861826256469763852e+00
2.066445305358217688e-01 6.216342703961872385e-01
-3.366802435235462521e-01 -3.135955519228393884e-01
2.029591789765484489e+00 3.885479770803361710e+00
1.546179604584861256e+00 2.948250857037823636e+00
8.990892726135606139e-02 5.230433756207606422e-01
8.053806736387536525e-01 1.494115121186887940e+00
-1.544948561051679992e+00 -2.496572865820989584e+00
-9.078626356666332775e-01 -1.519160552095112138e+00
4.794520367899152841e-02 2.692610317275833665e-01
1.136809279734687372e+00 2.065903141869859905e+00
4.239684140083868069e-01 8.551174046119689454e-01
2.306851675999937346e+00 4.197060598457301950e+00
-4.598452960073874940e-01 -5.135332511191353921e-01
-8.473831901747187478e-01 -1.113362397330780018e+00
2.118013930018623370e+00 3.823493583552258546e+00
-1.196229111356123115e-01 -1.947217636245355821e-01
-8.664759631309617571e-01 -1.490024644098947082e+00
7.331056050202171548e-01 1.395981282651306055e+00
1.312855046649789470e+00 2.304610152381824761e+00
1.501146351204216467e+00 2.760868131521206692e+00
1.373079190791412829e+00 2.638259164460063033e+00
3.973413821821195624e-01 9.724901689071657751e-01
-1.975384201899196279e-01 -2.174151916726960454e-01
-3.208588154510841339e-01 -4.158083703161423728e-01
-5.061253538603600610e-01 -4.977411241738695646e-01
2.393531564710616344e+00 4.153471414999211575e+00
-1.106052594496830022e+00 -1.778843524003230314e+00
4.284271376402988274e-01 8.013726459165616545e-01
-9.970476063309141601e-01 -1.702906114567850571e+00
8.946224390913969093e-02 4.345281672421537067e-01
1.998429809754967978e+00 3.514758034020867949e+00
1.241955244573408751e-01 4.697415710778242715e-01
9.165908404251069674e-01 1.858070416641806721e+00
4.181304544919514088e-01 9.763884686122836776e-01
1.117791938117718820e+00 2.224746576565332035e+00
-3.947193100211706662e-01 -6.579970816568634362e-01
1.520599230593248530e+00 2.880365026045064170e+00
1.974754063608632926e+00 3.595695991719395135e+00
7.044727403695512091e-01 1.598880952819074386e+00
3.727072456173123327e-01 6.496947219698855358e-01
2.260645808844382820e+00 4.094879889208564272e+00
1.730724563055384468e+00 3.185402915352113062e+00
2.337722985999988179e+00 4.138067426641338642e+00
2.111470755337065963e+00 3.978049979972881456e+00
-1.632035507215860992e+00 -2.442117621408651296e+00
2.072047495246791105e+00 3.973571736931186926e+00
1.037556597683725323e+00 1.969080139280640074e+00
1.686569558521268553e+00 3.041702368649702226e+00
-6.511290311576061196e-01 -1.082432796363919758e+00
2.337960525484668040e+00 4.156553167779075686e+00
-7.238191557803503873e-01 -9.669264933754235791e-01
5.072798727428274868e-01 8.908282339466589983e-01
1.498715605104789850e+00 2.812196240824386351e+00
-9.100111774281768318e-01 -1.471702295399307525e+00
-4.378591317014927237e-02 1.161861158188919746e-01
1.888652633495921385e-01 3.329756036361828375e-01
-3.758350904648996571e-01 -4.874370838515659221e-01
-7.224724945506256768e-01 -1.153067012292757543e+00
8.820019020083867956e-01 1.871145382477972463e+00
-6.207304361001585447e-01 -8.985120199089181581e-01
1.483757246083412307e+00 2.753916922177188642e+00
2.155792219344860872e+00 3.853840531954257020e+00
7.807590877603564072e-01 1.468079184285806305e+00
2.262863742897859076e+00 4.207959899211216381e+00
1.527295967294473478e+00 2.772532813918343830e+00
1.874664875372634709e+00 3.583410139961356045e+00
6.278949773741104856e-01 1.266428925067583533e+00
-1.573340068465640118e-01 -1.396863995355193677e-02
8.236713121273795402e-01 1.800567187155756921e+00
2.045554655367287644e+00 3.781639047649142604e+00
1.497286645624776646e+00 2.800926709276769344e+00
1.731328630449932460e+00 3.247328457313677141e+00
2.030562261921894596e+00 3.567330943012455791e+00
1.951367354234335050e+00 3.633877663429053051e+00
9.937866577677515467e-01 1.855567826344577398e+00
1.357721074602276368e-01 3.392318400152100621e-01
9.976197330580914846e-01 1.903401779959260853e+00
2.973767678379006241e-01 5.603474018386102040e-01
-7.365225863030030462e-01 -1.259393757306292772e+00
5.661888734895735575e-02 1.807012939472292523e-01
4.682793909255212467e-02 2.805709449145928902e-01
2.313844612170643078e+00 4.062159548788235597e+00
2.254480001252672672e+00 4.285500029267907074e+00
-1.579704313441373742e+00 -2.350248045212622650e+00
6.124009615614645075e-02 3.553721686554210946e-01
1.206076124804821847e-01 3.314910222176181698e-01
2.150551734499891676e+00 3.802229084101785617e+00
5.940201177993995607e-01 1.033877049940480131e+00
1.576291110634742809e+00 3.091573850078642938e+00
-2.328687879171713049e-01 -7.008086174809496915e-02
-8.193584453951844315e-01 -1.276950304682623161e+00
6.663692400695732099e-01 1.398680056644370007e+00
1.141980673763776988e+00 2.210140524349820446e+00
2.600155758081749147e-01 8.355919667393836292e-01
6.070299057697231548e-01 1.091141247076200527e+00
-1.152760101945095483e+00 -1.828412140702835309e+00
3.830287874904144130e-01 9.704459774091682700e-01
-1.144042919412355142e+00 -1.848035105907288811e+00
1.744491828879130457e+00 3.110149125009456395e+00
1.954394220244284552e+00 3.772958601136693346e+00
-1.329559815471721862e+00 -2.070762635767185778e+00
1.786259251737264853e+00 3.436856460096064936e+00
2.332929275859956686e+00 4.134799662977482804e+00
1.667956411155491758e-01 5.169596271203769078e-01
-3.531742707519168745e-01 -2.716068363125132556e-01
1.462452924086847794e+00 2.650797787754514356e+00
-1.185268468943872611e+00 -1.689557922540088741e+00
-1.017723335010230157e+00 -1.377212507288280818e+00
2.369540996918980458e+00 4.201931056344268001e+00
1.215548220761160980e+00 2.488862970552079723e+00
9.340131433620916246e-01 1.940810643368413135e+00
1.153454484304309080e+00 2.368897047747425155e+00
-1.346141001280930505e+00 -2.283164513480395286e+00
-3.981914048849070076e-01 -4.058591968230272351e-01
1.627980593291955103e+00 3.050018278621107193e+00
2.099753190338204512e+00 3.896241180981427465e+00
2.367151074842227754e+00 4.278448356336873815e+00
-3.583667674111055135e-01 -4.219433498010479733e-01
-3.624237048891896795e-01 -4.007820550077217381e-01
-4.131049215914428530e-01 -4.810037227359838519e-01
4.706276465236363532e-02 1.624847705999012404e-01
1.962336309490302577e+00 3.673180809335198305e+00
-4.563105380629035590e-01 -6.102414408245422361e-01
-1.384801214534699065e+00 -2.316695486834877027e+00
-8.539254744758644211e-01 -1.228617862400749328e+00
2.470303272777878867e+00 4.301691320567607058e+00
2.440293491225269118e-01 7.309919585517131724e-01
-2.134768361212967314e+00 3.632016919477105699e+00
-2.733913864411675831e+00 4.403750166394463150e+00
-2.155990908456049127e+00 3.538388785247111645e+00
-2.089078304309497813e+00 3.229227159647338308e+00
-3.086516669606031993e+00 4.951178911658319137e+00
-1.461176004466032685e+00 2.168555495314229642e+00
-1.942016757501340507e+00 3.004578432612146965e+00
-1.637189885955379953e+00 2.624741099586426873e+00
-1.438776607950897901e+00 2.294997543665077799e+00
-1.242731914941840099e+00 1.941753890156380002e+00
-1.379900143091375320e+00 2.148910699225448084e+00
-3.068727736529631489e+00 5.085238760658320700e+00
-2.082018263660417201e+00 3.587323992691986874e+00
-1.611853823045729772e+00 2.552806594966933407e+00
-2.455302015366355395e+00 4.152283089149689133e+00
-2.681280487483029606e+00 4.580347048493889517e+00
-3.013887345353512437e+00 5.119396371301125903e+00
-2.560006881660393585e+00 4.051012305161496130e+00
-1.801789346484795384e+00 3.083975588815408564e+00
-2.336246373929082409e+00 3.727669427745000874e+00
-2.391563067704449708e+00 3.951047966995866023e+00
-2.943522949810768452e+00 4.763551284188555890e+00
-2.206582275578380159e+00 3.579748049105755836e+00
-2.789567929321283835e+00 4.506502028363947865e+00
-2.588456080769824474e+00 4.144781804639338318e+00
-2.818605251686776558e+00 4.658439335216875143e+00
-1.786516819237956577e+00 2.971562007618642642e+00
-1.476853256432702821e+00 2.163254705365837527e+00
-1.714179865954200244e+00 2.787040346289950232e+00
-3.131452873954679195e+00 5.093128107779843816e+00
-1.551826033520360637e+00 2.308254353159556072e+00
-2.031017645167066732e+00 3.427320184998879249e+00
-3.072484155016434570e+00 4.930067059800944840e+00
-2.097326386576503943e+00 3.457567216326231652e+00
-2.064737626114028224e+00 3.263987389963166397e+00
-2.387352000633902183e+00 4.051302390772826278e+00
-1.194288119191852848e+00 1.760035544539009233e+00
-2.019294794822386940e+00 3.106208492509160202e+00
-1.132542166239840942e+00 1.736379633406449408e+00
-2.527471113082750076e+00 4.281519448209782475e+00
-3.014363256178973494e+00 4.956912001914706600e+00
-2.861086371843545528e+00 4.730084530745013893e+00
-1.398193260787507164e+00 2.396851327752670180e+00
-1.629816298327208868e+00 2.764278884965875704e+00
-2.180619214938821937e+00 3.743667583103147400e+00
-2.681356635285483847e+00 4.477915857411689515e+00
-2.154184390954660078e+00 3.458016452776400129e+00
-2.523210825906038846e+00 3.994683447913534025e+00
-2.202089434538665902e+00 3.571066908866340039e+00
-2.206166771819562999e+00 3.820963139531841080e+00
-2.130566585722568629e+00 3.622233963374784871e+00
-1.910854730443385163e+00 3.103807698675558058e+00
-1.481810501205969022e+00 2.508074699614635694e+00
-2.932151465505040466e+00 5.031285712614530503e+00
-2.451459609037197840e+00 4.167018522952386839e+00
-2.116632643344298348e+00 3.319052662535725062e+00
-1.424929747946169112e+00 2.361725057248281523e+00
-2.370365612173638947e+00 3.896604826287719536e+00
-2.111600169697585017e+00 3.454639372835726974e+00
-1.142950796007959680e+00 1.685330331523829051e+00
-3.108043877073364492e+00 5.018485593846629733e+00
-1.293775251833818363e+00 1.971973556146498829e+00
-1.631612736990613488e+00 2.773683576076988455e+00
-2.717625163988068415e+00 4.564682760091868907e+00
-1.930506178127724848e+00 3.107810221518030325e+00
-1.181838182325976927e+00 1.959389756377148961e+00
-1.676371761678304706e+00 2.742648392884239339e+00
-1.719633686493098779e+00 2.837591436463068550e+00
-1.617524348236699883e+00 2.597878028911373427e+00
-1.663227088189956904e+00 2.576441066827837467e+00
-2.203402963667492553e+00 3.716094582246494582e+00
-2.599602400503872701e+00 4.391136986881343240e+00
-2.524866710652540647e+00 4.101096249961135420e+00
-1.233321452912043314e+00 1.791843002628501269e+00
-2.531995311538922433e+00 4.017823981183751947e+00
-2.385241777178098044e+00 3.980104306383386525e+00
-1.129085004897436573e+00 1.742599263347350158e+00
-2.785932242875850395e+00 4.576274792139576775e+00
-1.535009070093341865e+00 2.505114656603501633e+00
-2.093630032684094644e+00 3.297787412700102117e+00
-1.273080516655681560e+00 1.968451547205995134e+00
-2.626586557699426727e+00 4.220310981899745961e+00
-2.329383880020970743e+00 3.920119920883204045e+00
-2.951048692049849542e+00 4.897649059702342100e+00
-1.322105873328342618e+00 1.903902647206926702e+00
-1.850557790017254733e+00 3.142465647826543140e+00
-1.613021676099398061e+00 2.471062002653051426e+00
-2.758632615633269225e+00 4.420787979237839060e+00
-2.405626131783312527e+00 3.881469845185844036e+00
-2.845855463754880521e+00 4.671751193280712755e+00
-2.852525110821490628e+00 4.883586079313464445e+00
-1.787566706240631742e+00 3.089990578579954850e+00
-1.151740151220930874e+00 1.704700200572331070e+00
-1.671646240887207258e+00 2.743246628540368715e+00
-2.095860665810274970e+00 3.303520679063290277e+00
-2.638548381370179552e+00 4.194429797668831839e+00
-1.453573252816242167e+00 2.424892501738820982e+00
-2.125460598404441903e+00 3.363781419377102733e+00
-2.590494482495744322e+00 4.341191775498525196e+00
-2.093543426917307215e+00 3.606838312608166675e+00
-3.017324052860884454e+00 5.130577166484516560e+00
-2.884707167714428699e+00 4.828196141368991334e+00
-2.402532161519493226e+00 3.926360192852913045e+00
-1.964598781120840298e+00 3.379638422677269993e+00
-1.852348860941618991e+00 3.172487226884357803e+00
-2.563451074790228823e+00 4.421079992069184783e+00
-1.828896281078644437e+00 3.040348136862142781e+00
-2.393230341903303415e+00 4.087362780298130716e+00
-1.127710968561371541e+00 1.700290370693303466e+00
-1.667238338535547815e+00 2.624256854164217945e+00
-3.132315177972140763e+00 5.060658322176497137e+00
-1.663460686823978296e+00 2.778994977583884474e+00
-1.731547551603559887e+00 2.664874617292437353e+00
-1.235428458970720955e+00 1.832720965714270456e+00
-2.808280204622734644e+00 4.855182646963922544e+00
-2.518412656521874293e+00 4.099316394997106983e+00
-2.930652772097007919e+00 4.855350580933207816e+00
-2.069320062534282467e+00 3.434860056491855662e+00
-1.335431257337212685e+00 2.144466110457016850e+00
-2.242759555096490498e+00 3.780956321765458483e+00
-2.668384128764512475e+00 4.499571545504664982e+00
-3.051984900280792168e+00 5.135002757967392917e+00
-2.941423362231938121e+00 4.740584596651472360e+00
-2.133807875835437073e+00 3.640599198551690119e+00
-1.933711496520082562e+00 3.090124898061441527e+00
-2.393147296117246192e+00 3.876994979393279195e+00
-1.732512345762286410e+00 2.810822772516810897e+00
-2.937435707945071250e+00 4.954219738079582491e+00
-1.715949879130557632e+00 2.629467176121999650e+00
-1.881641275990237672e+00 2.861836016660539883e+00
-1.648942222107078637e+00 2.694131385492854136e+00
-1.071383499125579952e+00 1.776129477668369372e+00
-1.121069936107446763e+00 1.777891244713934560e+00
-1.126244262585163192e+00 1.765141278137786651e+00
-1.306797935169539571e+00 2.192574480567881956e+00
-2.559210606572857039e+00 4.150644202160577834e+00
-2.558813970091643242e+00 4.065545892792803429e+00
-1.094889337110542149e+00 1.803477868400802375e+00
-1.638265694189480426e+00 2.613880192308786654e+00
-1.354755830364637204e+00 2.319033505332592338e+00
-1.700630412951557036e+00 2.780728108237273233e+00
-2.065043904349216586e+00 3.393023582080262113e+00
-2.906196282680554521e+00 4.983845212418541948e+00
-1.471194752501325143e+00 2.150641067416570351e+00
-1.112604650544304574e+00 1.710370936417855647e+00
-2.284820485180999228e+00 3.798104758698816585e+00
-1.518614923636692371e+00 2.554489601451905845e+00
-1.654533946626218999e+00 2.742910595728589751e+00
-2.626714349156135331e+00 4.338577758429250864e+00
-1.636062938227275332e+00 2.626012789922371748e+00
-1.950764412029263095e+00 3.076676776172528882e+00
-1.358554659346533633e+00 2.251197501436314585e+00
-1.222930035142559158e+00 2.098219608406557413e+00
-2.572868170060595983e+00 4.210808484268651952e+00
-1.355798803859808777e+00 2.133905619035167955e+00
-2.184575693421604736e+00 3.423904401201150360e+00
-1.731209079911887772e+00 2.840125272619079766e+00
-1.874533740353611977e+00 2.871449570281630503e+00
-2.173993374870215600e+00 3.383925827579744805e+00
-2.586121532813067780e+00 4.311090685639388020e+00
-2.727332931948296846e+00 4.474171926107655572e+00
-1.973586468920520254e+00 3.183527464967949694e+00
-1.307776558138425971e+00 1.907595445448342808e+00
-1.675527477909914964e+00 2.884419666953743633e+00
-1.936524300527675546e+00 3.121819970531861888e+00
-1.488396568303163470e+00 2.467443998633930047e+00
-2.135540171917629237e+00 3.534179501626844910e+00
-3.099098325450387659e+00 5.124567339110963182e+00
-2.818327936771781950e+00 4.574807807644789115e+00
-2.751193562118170455e+00 4.646472440984712016e+00
-2.655714810553000405e+00 4.550640066342430679e+00
-1.470629294738849735e+00 2.397545756987715659e+00
-2.710553111922045844e+00 4.305873728855541316e+00
-1.238767661402919718e+00 1.943622284979357406e+00
-2.361188025222295650e+00 3.845829084180180768e+00
-3.085083095061061265e+00 5.129089040520141474e+00
-2.483041591788426761e+00 4.115152855644475416e+00
-2.647570039900319472e+00 4.242760794949100855e+00
-1.355037842422576633e+00 2.120061649560801786e+00
-1.757387978508863746e+00 2.701496046851887378e+00
-1.285544628668960021e+00 1.850715392472596976e+00
-1.395921512370294160e+00 2.365783356873865984e+00
-2.400706934369200685e+00 3.906181463170224966e+00
-2.963156243453270111e+00 4.918985708077429742e+00
-1.418932629229692655e+00 2.374440800799534124e+00
-1.031595324596913832e+00 1.782218316975196837e+00
-3.034082563224294482e+00 5.082593445044973457e+00
-2.162590762584066351e+00 3.466061392579855571e+00
-1.649807664038499544e+00 2.826466304522509354e+00
-1.381464527881545834e+00 2.290405489157760321e+00
-2.222302441216287061e+00 3.744243116199161392e+00
-2.501288628213190979e+00 4.135589929397566422e+00
-2.370735755454015159e+00 3.776048344632262577e+00
-1.907935824739212416e+00 2.927929010998350456e+00
-1.124692529662315144e+00 1.710602689863017334e+00
-1.136444000431431567e+00 1.954062430262940797e+00
-1.403635455648698516e+00 2.171594766701292922e+00
-2.948197196132390285e+00 5.073842951350070685e+00
-1.759504659187509423e+00 2.770138179501300701e+00
-2.300425316138607013e+00 3.909464568974801324e+00
